1 1.0 0.0 0.0 0.0 0.0 0.0 0.0 1

2 0.9935935666049991 -0.11081892174282523 0.021686823886596374 -0.004546719105705944 -0.18884666855185264 -0.1898253350215082 -0.7859326467359355 1

3 0.9790907874620461 -0.20213247374015053 0.02178386176547431 -0.0070111577660543515 -0.3793733729294204 -0.4905602721500268 -0.9940045879525629 1

4 0.9800609120339087 -0.19677939549494283 0.026105218885999704 -0.008774722720514546 -0.6327766199708678 -0.6950069617940633 -1.3702349984143463 1

5 0.9964838191590579 -0.07469399694329631 0.03754440904657763 -0.00558769399267597 -0.7573222404635012 -0.42250282971980385 -2.0404660120064935 1

6 0.9808042337342615 -0.022275687935835335 0.19302501985220655 -0.016376523653974236 -1.319571874753339 -0.2441065979652966 -2.2143331070595482 1

7 0.9302071208640298 -0.008310181909030254 0.3659218202811897 -0.027329006798482627 -2.024534900275276 -0.1452372662049439 -1.9883991528681786 1

8 0.9298601377000163 0.0009410333212857149 0.3664499673638668 -0.032766754368043514 -1.5114452502547906 -0.15472210767628375 -2.3809177796251206 1

9 0.9266977785907878 0.012890004385541437 0.3728449892272552 -0.04529557318289786 -1.284580171681823 -0.05209786698836372 -2.7581344087428885 1

10 0.940367079316695 0.011273559834798188 0.33861514086724576 -0.030371851466361278 -0.2688212976283464 -0.15180595188339563 -3.3095531433586247 1

11 0.9086494197410593 0.010566414976356919 0.4156486874445088 -0.03848053409766284 -0.9807795180738312 -0.16258647663942222 -3.5888679030777078 1

12 0.9147010740018442 0.011160066914613753 0.40231187805112834 -0.036640836580349716 -1.0443823404255363 -0.20515199029586237 -4.0579859799857125 1

13 0.9227986510292883 0.013341379673840545 0.38349492586340717 -0.03458755677904729 -0.9458527007920159 -0.20554428275039127 -4.531274842367238 1

14 0.9420779561223661 0.02099006351599263 0.33365456896262224 -0.02689182835483827 -0.5173510499600033 -0.1551807281389706 -5.086652253088043 1

15 0.9589994214238581 0.0207367029236751 0.2817181250239589 -0.0229128106862922 0.13708976337721507 -0.15271348103997343 -5.49731350268366 1

16 0.9650042099443011 0.014191692757384881 0.26128476972956716 -0.017197085620036974 -0.5077816603186781 -0.3368167596309227 -5.7464495055084175 1

17 0.971521577239207 0.021952738109976434 0.23566932036431365 -0.011129855665776867 -0.6489935669743625 -0.2373477042290963 -6.2762819483157015 1

18 0.9814912585071702 0.012243578096032921 0.18959189774209206 -0.024081457181194206 -0.3968973108951552 -0.449552593733512 -6.409347062514374 1

19 0.9833069154453185 -0.001740217274087406 0.17941188284497933 -0.030263145495329956 -0.6082277820155988 -0.7338434181914668 -6.799941623796214 1

20 0.9860617265386895 -0.020890634570721444 0.1599346559612882 -0.04082595577956605 -0.578980425879765 -1.0716894070648255 -7.092335120899131 1

21 0.9882646343278263 -0.04932323168173559 0.1428897848140105 -0.021971362023400363 -0.6853074889337714 -1.5670593020464585 -7.584352548301592 1

22 0.9922444740885359 -0.0696220243358082 0.09892868916384856 -0.02857957012399392 -0.28178225171812155 -1.9522354784233857 -7.674790461347152 1

23 0.9965966373911683 -0.0748548018142004 0.02254252193988482 -0.02614834011103842 0.5880388485413136 -2.0928885531981707 -7.734323917007665 1

24 0.9930260637157845 -0.06959115615501739 -0.09408944712250245 -0.014264771513244118 2.3606989615023704 -2.043016918729814 -7.469631337871365 1

25 0.9879973657928964 -0.06176187922574595 -0.14141473356102152 -0.0069676820154208775 3.0761846876892713 -1.8646872741100942 -7.349795045571245 1

26 0.970709361079929 -0.08563037018994937 -0.2225264259468983 0.029542609367288614 4.136478463064358 -1.8815457761036334 -6.773511362272686 1

27 0.9514744401388467 -0.08755529978554451 -0.2923503967763925 0.03951841022381212 5.154401494821885 -1.8448532075454103 -6.15943923002801 1

28 0.9395612065594873 -0.02931137440511227 -0.3410088270140963 0.008863540908322124 5.601650088176217 -1.2590970236149897 -5.814047025149517 1

29 0.9441897779554883 0.00836796119322824 -0.32906979010314896 -0.01219482149538047 5.189950973278114 -0.8743321580046169 -6.031287573450214 1

30 0.9403790457192233 0.008824826798185841 -0.33985920387520885 -0.010251553321052712 4.949392224675847 -0.8380320229849343 -5.560920454087274 1

31 0.9281591514376044 0.024801531115425234 -0.37133773126504 0.003709851195096089 5.077463458773161 -0.40980953205525594 -4.617514538749281 1

32 0.9264478908791144 0.011653572785931834 -0.37623397990542207 -0.0025479582981414763 4.987259758832607 -1.0923794975065475 -4.339089924919937 1

33 0.93806674374811 0.01228495080234425 -0.34620691967136474 -0.004542359438320067 4.680190898315216 -1.1346624876376703 -4.194748993904061 1

34 0.9333802122152457 0.02369224380214435 -0.358059244246241 -0.005799537779312254 5.437847172162602 -0.9607604123084079 -5.265089569946204 1

35 0.9380648215846688 0.020870783148795737 -0.3456834364397833 -0.01008774936552573 5.216835525332138 -0.9913846846793071 -6.698378427935462 1

36 0.9488035539092115 0.024367511525779616 -0.3147041532334527 -0.011804084416271442 4.831986792835993 -0.9069013473287125 -7.722365787702774 1

37 0.9682156520483028 0.04980988160914982 -0.2441640365332689 -0.0214790615843225 3.6977418916206135 -0.4166862065046606 -9.083084999070321 1

38 0.9830190095833372 0.055275463799132306 -0.1734901737376109 -0.022790557607905125 2.3251511837668017 -0.19930157283394975 -10.19195283916556 1

39 0.9934538013399067 0.04880936447056461 -0.10074863589559535 -0.02273549886071944 0.7906064633342396 -0.28874134846953964 -11.009195790744224 1

40 0.9982915093777034 0.038751200498118844 -0.018890513427270772 -0.03944052822662652 -1.441868892408581 -0.47194696491662835 -12.07006113386646 1

41 0.9984198226039758 0.024020111220569282 0.02905131507843406 -0.04167629038927326 -2.6911548147526565 -0.7448334829845171 -12.452983966350414 1

42 0.9985302503320885 0.013609016064232527 0.046895082178816216 -0.023515635669523235 -3.0190411185049686 -1.110949280592063 -12.634431200177513 1

43 0.9948742523138069 -0.00047964475295390223 0.09823599589521148 -0.023972507887796927 -4.623065981020368 -1.5902218390523575 -12.542705937932242 1

44 0.9899266519768317 -0.014980763464724562 0.13152552558550867 -0.05021789075031335 -5.7509895045735595 -1.8847389471786644 -12.393907529700991 1

45 0.9850884124048609 -0.0127067409786951 0.1617406367041606 -0.05726539022745678 -6.97851171610936 -1.7140412510492842 -11.974814538569065 1

46 0.9791406106642933 -0.0010564434033066266 0.19740704614654103 -0.048093727314353185 -8.259812840225857 -1.3651348375719443 -11.443267931776797 1

47 0.974885391349406 -0.01869216164321718 0.21435469108386918 -0.057455576204219934 -9.633991638188204 -1.8171568302704544 -11.132349552336283 1

48 0.9851179577145319 -0.020842229647385364 0.16151566570923714 -0.05496271993067016 -8.210567121959771 -2.1634104946943062 -12.521117244392544 1

49 0.9925048330565845 -0.017949562482312782 0.10922814137780201 -0.051780138056649744 -6.598972066340779 -2.2254912724820546 -13.703602283991366 1

50 0.9967943959215315 -0.02638455835190423 0.057078763460195914 -0.049465160485526925 -4.7643676677822056 -2.5894023910430026 -14.572108824824992 1

51 0.9983231188240224 -0.03250309926237165 0.009533898109324257 -0.04694255794753915 -2.943758800125133 -2.8976168870853742 -15.147665482751249 1

52 0.9983012959016352 -0.024613301428661916 -0.042018367521671984 -0.031986947098955214 1.300683890731815 -2.8307961999334594 -16.053756640365336 1

53 0.999156710284484 -0.019465289947609887 0.007793450237427835 -0.03530202422156364 0.08722237618619495 -2.6368792085305452 -16.485203028620578 1

54 0.9973643291950718 -0.0232015402857398 -0.06094830039408228 -0.031802327850441514 2.687550464465324 -2.890957994672074 -16.6978511380528 1

55 0.9952549473172573 -0.0199319033789812 -0.09070045623869816 -0.029047139382486823 4.0487673240346265 -2.8482800553022294 -16.991435695722696 1

56 0.9955189065383883 0.0036841446519949024 -0.08959050538807944 -0.030034565871731082 4.4340322991968355 -2.056803819290425 -17.54429917843323 1

57 0.9973946893902634 0.005681496753258687 -0.06462160166233688 -0.03155317368089414 3.8284642152356834 -2.0080386828010606 -18.343437385652244 1

58 0.9962598981653611 0.007512029502986004 -0.08077187596315394 -0.029760523746797777 4.696933477859975 -1.989713061367719 -18.77548313522237 1

59 0.9909054852469277 0.010509402719723384 -0.13145305502212268 -0.026757542625879503 6.823030954764717 -1.9441658861085898 -18.842668915876246 1

60 0.9705744157216432 0.012604476587259574 -0.2393534872209131 -0.023158991164118122 11.03851830196353 -1.9450281823713076 -17.405628359123554 1

